 0,600  0,267  0,000  0,067  0,000 -0,067  0,067  0,067 -0,067  0,067  0,067 -0,067  0,467  0,200 -0,067  0,067  0,067  0,000  0,000  0,000  0,000  0,000  0,000  0,000 

 0,267  0,600  0,000  0,000  0,067 -0,067  0,067  0,200 -0,067  0,067  0,200 -0,133  0,200  0,333 -0,067  0,067  0,200 -0,067  0,000  0,000  0,000  0,000  0,000  0,000 

 0,000  0,000  0,467 -0,067 -0,067  0,200 -0,067 -0,067  0,067 -0,067 -0,133  0,067 -0,067 -0,067  0,200  0,000 -0,067  0,067  0,000  0,000  0,000  0,000  0,000  0,000 

 0,067  0,000 -0,067  0,333  0,133 -0,133  0,000  0,000  0,000  0,067  0,067  0,000  0,000  0,000  0,000 -0,200 -0,067  0,067  0,000  0,000  0,000  0,000  0,000  0,000 

 0,000  0,067 -0,067  0,133  0,333 -0,133  0,000  0,000  0,000  0,067  0,200 -0,067  0,000  0,000  0,000 -0,067 -0,067  0,000  0,000  0,000  0,000  0,000  0,000  0,000 

-0,067 -0,067  0,200 -0,133 -0,133  0,333  0,000  0,000  0,000  0,000 -0,067  0,067  0,000  0,000  0,000  0,067  0,000 -0,067  0,000  0,000  0,000  0,000  0,000  0,000 

 0,067  0,067 -0,067  0,000  0,000  0,000  0,467  0,000  0,000 -0,067 -0,067  0,067  0,067  0,000 -0,067  0,000  0,000  0,000  0,200  0,067 -0,067 -0,067 -0,067  0,000 

 0,067  0,200 -0,067  0,000  0,000  0,000  0,000  0,600 -0,267 -0,067 -0,200  0,067  0,000  0,200 -0,067  0,000  0,000  0,000  0,067  0,067  0,000 -0,067 -0,200  0,067 

-0,067 -0,067  0,067  0,000  0,000  0,000  0,000 -0,267  0,600  0,067  0,067 -0,067 -0,067 -0,067  0,067  0,000  0,000  0,000 -0,067  0,000  0,067  0,000  0,067 -0,067 

 0,067  0,067 -0,067  0,067  0,067  0,000 -0,067 -0,067  0,067  0,733  0,133 -0,133  0,000  0,000  0,000  0,067 -0,133  0,067  0,000  0,000  0,000  0,467  0,200 -0,067 

 0,067  0,200 -0,133  0,067  0,200 -0,067 -0,067 -0,200  0,067  0,133  0,867 -0,133  0,000  0,000  0,000 -0,133  0,200 -0,067  0,000  0,000  0,000  0,200  0,333 -0,067 

-0,067 -0,133  0,067  0,000 -0,067  0,067  0,067  0,067 -0,067 -0,133 -0,133  0,733  0,000  0,000  0,000  0,067 -0,067  0,067  0,000  0,000  0,000 -0,067 -0,067  0,200 

 0,467  0,200 -0,067  0,000  0,000  0,000  0,067  0,000 -0,067  0,000  0,000  0,000  0,733  0,133 -0,133  0,200  0,067 -0,067 -0,067 -0,067  0,000 -0,067 -0,067  0,067 

 0,200  0,333 -0,067  0,000  0,000  0,000  0,000  0,200 -0,067  0,000  0,000  0,000  0,133  0,867 -0,133  0,067  0,333 -0,200 -0,067 -0,200  0,067 -0,067 -0,200  0,133 

-0,067 -0,067  0,200  0,000  0,000  0,000 -0,067 -0,067  0,067  0,000  0,000  0,000 -0,133 -0,133  0,733 -0,067 -0,200  0,467  0,000  0,067 -0,067  0,067  0,133 -0,067 

 0,067  0,067  0,000 -0,200 -0,067  0,067  0,000  0,000  0,000  0,067 -0,133  0,067  0,200  0,067 -0,067  0,467  0,000  0,000  0,000  0,000  0,000 -0,067 -0,067  0,067 

 0,067  0,200 -0,067 -0,067 -0,067  0,000  0,000  0,000  0,000 -0,133  0,200 -0,067  0,067  0,333 -0,200  0,000  0,600 -0,267  0,000  0,000  0,000 -0,067 -0,200  0,067 

 0,000 -0,067  0,067  0,067  0,000 -0,067  0,000  0,000  0,000  0,067 -0,067  0,067 -0,067 -0,200  0,467  0,000 -0,267  0,600  0,000  0,000  0,000  0,067  0,067 -0,067 

 0,000  0,000  0,000  0,000  0,000  0,000  0,200  0,067 -0,067  0,000  0,000  0,000 -0,067 -0,067  0,000  0,000  0,000  0,000  0,333  0,133 -0,133  0,067  0,000 -0,067 

 0,000  0,000  0,000  0,000  0,000  0,000  0,067  0,067  0,000  0,000  0,000  0,000 -0,067 -0,200  0,067  0,000  0,000  0,000  0,133  0,333 -0,133  0,000  0,067 -0,067 

 0,000  0,000  0,000  0,000  0,000  0,000 -0,067  0,000  0,067  0,000  0,000  0,000  0,000  0,067 -0,067  0,000  0,000  0,000 -0,133 -0,133  0,333 -0,067 -0,067  0,200 

 0,000  0,000  0,000  0,000  0,000  0,000 -0,067 -0,067  0,000  0,467  0,200 -0,067 -0,067 -0,067  0,067 -0,067 -0,067  0,067  0,067  0,000 -0,067  0,600  0,267  0,000 

 0,000  0,000  0,000  0,000  0,000  0,000 -0,067 -0,200  0,067  0,200  0,333 -0,067 -0,067 -0,200  0,133 -0,067 -0,200  0,067  0,000  0,067 -0,067  0,267  0,600  0,000 

 0,000  0,000  0,000  0,000  0,000  0,000  0,000  0,067 -0,067 -0,067 -0,067  0,200  0,067  0,133 -0,067  0,067  0,067 -0,067 -0,067 -0,067  0,200  0,000  0,000  0,467 

