 0,200  0,000  0,000  0,000  0,000 -0,067  0,000  0,067 -0,067  0,200  0,067  0,000 

 0,000  0,067  0,000  0,000  0,000  0,000  0,067  0,000  0,000  0,067  0,067  0,000 

 0,000  0,000  0,067 -0,067  0,000  0,000 -0,067  0,000  0,000  0,000  0,000  0,067 

 0,000  0,000 -0,067  0,067  0,000  0,000  0,067  0,000  0,000  0,000  0,000 -0,067 

 0,000  0,000  0,000  0,000  0,067  0,000  0,000  0,067 -0,067  0,000  0,000 -0,067 

-0,067  0,000  0,000  0,000  0,000  0,200  0,000 -0,067  0,200 -0,067 -0,067  0,000 

 0,000  0,067 -0,067  0,067  0,000  0,000  0,133  0,000  0,000  0,067  0,067 -0,067 

 0,067  0,000  0,000  0,000  0,067 -0,067  0,000  0,267 -0,133  0,067  0,200 -0,067 

-0,067  0,000  0,000  0,000 -0,067  0,200  0,000 -0,133  0,267 -0,067 -0,067  0,067 

 0,200  0,067  0,000  0,000  0,000 -0,067  0,067  0,067 -0,067  0,267  0,133  0,000 

 0,067  0,067  0,000  0,000  0,000 -0,067  0,067  0,200 -0,067  0,133  0,267  0,000 

 0,000  0,000  0,067 -0,067 -0,067  0,000 -0,067 -0,067  0,067  0,000  0,000  0,133 

